function[x_values, y_values] = vhod7()
x_values = [0, 0.2, 0.4, 0.6, 0.8, 1.0];
y_values = [0, 0.4756, 1.0702, 1.6983, 2.2246, 2.4717];
end
